0,447
0,440
0,349
0,361
0,359
0,0
0,353
0,358
0,357
0,346
0,354
6,1
6,4
0,446
0,438
0,351
0,350
0,441
0,332
0,342
0,238
0,237
0,203
0,202
0,443
0,439
11,1
11,3
117,1
117,3
116,1
116,3
115,1
115,3
114,1
114,3
113,1
113,3
0,442
0,343
119,1
119,3
0,320
0,341
0,340
0,339
0,338
19,1
19,3
0,337
0,336
0,335
0,334
0,333
0,1
0,355
0,408
0,331
0,330
0,329
2,1
2,5
2,3
0,328
1,1
1,3
0,327
0,326
0,325
111,1
111,3
15,1
15,3
0,324
12,3
0,323
0,321
119,2
0,352
0,319
5,1
5,3
16,1
16,3
0,318
0,317
0,316
0,315
0,314
0,313
0,312
0,311
0,309
0,306
0,301
0,426
0,425
0,437
0,436
0,435
0,434
0,419
0,418
0,420
0,428
0,423
0,422
0,424
0,433
0,432
0,431
0,430
0,416
0,415
0,417
0,429
0,421
0,414
0,413
0,412
0,411
0,410
0,409
0,407
0,406
0,405
0,404
0,403
0,402
0,401
0,400
0,392
0,399
0,390
0,389
0,391
0,388
0,300
0,299
0,298
0,297
0,296
0,295
0,294
0,293
0,292
0,291
0,290
0,289
0,288
0,287
0,286
0,285
0,284
0,283
0,282
0,281
0,280
0,279
0,278
0,277
0,276
0,275
0,274
0,273
0,272
0,271
0,270
0,269
0,268
0,267
0,266
0,265
0,264
0,263
0,262
0,261
0,260
0,259
0,257
0,247
0,246
0,245
0,244
0,242
0,241
0,240
0,239
0,235
0,234
0,233
0,232
0,231
0,230
0,229
0,228
0,227
0,226
0,225
0,224
0,223
0,222
0,221
0,220
0,219
0,218
0,217
0,216
0,215
0,214
0,213
0,212
0,211
0,210
0,209
0,208
0,207
0,206
0,205
0,204
0,201
0,200
0,199
0,198
0,197
0,196
0,195
0,194
0,193
0,192
0,63
0,62
0,61
0,60
0,59
0,58
0,57
0,56
0,55
0,54
0,53
0,52
0,51
0,50
0,49
0,48
0,47
0,46
0,45
0,6
